113.23285565 3
113.35788496 3
113.50902524 3
113.7243452 3
113.82856151 3
114.04039999 3
114.22431123 3
114.65711502 3
230.31860279999998 0
258.49796791 0
290.57742207 1
321.46915579 1
349.52496057 1
383.44260811 2
383.52298003 2
413.25399721 2
442.22877269 2
475.02542963 3
503.91989663 3
538.1882960400002 3
566.55060768 0
598.30425182 0
629.32155716 0
660.2975187899998 1
690.25170624 1
719.5727343599998 1
753.0637264500001 2
782.2268427900002 2
844.9347862 3
874.1357093900001 3
905.95203438 3
936.97088469 0
969.25575691 0
1000.29353926 0
1032.29118973 1
1063.24657771 1
1098.35013369 1
1125.91460542 2
1154.01094939 2
1182.04667689 2
1215.00758066 3
1244.94415393 3
1273.08233513 3
1305.02081957 0
1336.32499733 0
1371.34730022 0
1404.32573014 1
1435.40369903 1
1471.16113326 1
1498.05129242 2
1524.98296881 2
1557.98415101 2
